0 86.60203251420367
0.001 3.922685325229288
0.002 11.507170698785258
0.003 10.465595792194115
0.004 6.5858757477948835
0.005 8.369876892372877
0.006 4.358511130010507
0.007 7.84094446339765
0.008 9.29887522738086
0.009000000000000001 4.7768945944315435
0.010000000000000002 9.023929249489742
0.011000000000000003 -0.23770684024750116
0.012000000000000004 10.371081152128406
0.013000000000000005 1.136980907759225
0.014000000000000005 9.501588235980746
0.015000000000000006 10.059259680506887
0.016000000000000007 15.023666935614735
0.017000000000000008 6.6814650888152585
0.01800000000000001 7.682763064340638
0.01900000000000001 2.0608780013064125
0.02000000000000001 7.390200983152596
0.02100000000000001 6.935702356227344
0.022000000000000013 11.66838618929931
0.023000000000000013 5.801209436120267
0.024000000000000014 13.014149858341984
0.025000000000000015 -1.2876676649637644
0.026000000000000016 9.227704687271089
0.027000000000000017 10.492784072874253
0.028000000000000018 5.514371256719474
0.02900000000000002 3.812858387070013
0.03000000000000002 6.50375404057187
0.03100000000000002 5.138131538058483
0.03200000000000002 12.966657891275357
0.03300000000000002 14.093689681589606
0.03400000000000002 2.248972970199472
0.035000000000000024 -3.6040971141318665
0.036000000000000025 14.865665079984824
0.037000000000000026 -5.536652790874559
0.03800000000000003 2.48855841307788
0.03900000000000003 7.907202761849462
0.04000000000000003 5.070630015950387
0.04100000000000003 4.01495677803922
0.04200000000000003 4.409088635489672
0.04300000000000003 3.86201090124866
0.04400000000000003 -5.780082611840535
0.04500000000000003 4.483729720922305
0.046000000000000034 8.930633766160327
0.047000000000000035 3.3205951674367835
0.048000000000000036 9.868950094709763
0.04900000000000004 8.273253787422082
0.05000000000000004 8.903427346385183
0.05100000000000004 -1.4577894187812652
0.05200000000000004 -2.779332262666452
0.05300000000000004 4.910493267558246
0.05400000000000004 10.38521960535439
0.05500000000000004 0.5161240537492685
0.05600000000000004 -0.4059796958752213
0.057000000000000044 1.6073430886228803
0.058000000000000045 2.247215744469939
0.059000000000000045 2.4986174753620274
0.060000000000000046 5.220774786400507
0.06100000000000005 5.122600936375978
0.06200000000000005 11.614922680942339
0.06300000000000004 5.676638546638275
0.06400000000000004 10.434816403858637
0.06500000000000004 8.927600258718174
0.06600000000000004 -5.62435554556415
0.06700000000000005 3.492818461004083
0.06800000000000005 1.03601497125074
0.06900000000000005 7.9939848900567645
0.07000000000000005 3.052821844714297
0.07100000000000005 5.143882868077217
0.07200000000000005 11.671549131617752
0.07300000000000005 8.964995682050388
0.07400000000000005 7.689463116755582
0.07500000000000005 8.168644683276707
0.07600000000000005 1.0855667565508909
0.07700000000000005 3.0010715084099275
0.07800000000000006 -3.566231898191739
0.07900000000000006 -4.807199570646806
0.08000000000000006 2.8880331031082833
0.08100000000000006 10.222659123889313
0.08200000000000006 5.0914512968526076
0.08300000000000006 -2.7065023946192093
0.08400000000000006 0.26135174342628353
0.08500000000000006 0.6901165142642858
0.08600000000000006 -0.8188281303069567
0.08700000000000006 -2.824216372018864
0.08800000000000006 4.95135072858462
0.08900000000000007 3.1400301518465223
0.09000000000000007 1.7800222440096758
0.09100000000000007 2.717385406604576
0.09200000000000007 0.8597210959207563
0.09300000000000007 11.877774114127071
0.09400000000000007 0.5034293604602504
0.09500000000000007 2.340129811096045
0.09600000000000007 7.158694455482092
0.09700000000000007 5.472160169034162
0.09800000000000007 0.89934660969167
0.09900000000000007 -4.540614837947108
0.10000000000000007 6.486269285754383
0.10100000000000008 0.7029823891076794
0.10200000000000008 1.1714453722070106
0.10300000000000008 5.611739594329954
0.10400000000000008 7.600310009368761
0.10500000000000008 -2.4247795409960373
0.10600000000000008 2.2297820024177595
0.10700000000000008 0.9010343517366246
0.10800000000000008 10.35112791671257
0.10900000000000008 -1.5833980943804231
0.11000000000000008 6.822400744172671
0.11100000000000008 7.497300883919871
0.11200000000000009 2.8583801354911014
0.11300000000000009 7.2692490487036805
0.11400000000000009 0.11369879493738148
0.11500000000000009 -6.525279271755404
0.11600000000000009 0.5853157188547844
0.11700000000000009 -5.071568611633597
0.11800000000000009 1.1709868400090127
0.11900000000000009 -6.491777021599386
0.12000000000000009 2.9388254450157065
0.1210000000000001 0.013397207284191026
0.1220000000000001 4.068800150800598
0.1230000000000001 5.014998932536551
0.1240000000000001 -1.521676573825573
0.12500000000000008 -8.097766001853259
0.12600000000000008 -0.22767074858761605
0.12700000000000009 0.701107462439784
0.12800000000000009 4.926472056052383
0.1290000000000001 -2.5199238359899483
0.1300000000000001 4.60146500613773
0.1310000000000001 0.5743280212802125
0.1320000000000001 1.720977987066387
0.1330000000000001 -4.33248625507609
0.1340000000000001 8.090959391664175
0.1350000000000001 0.05631209834459171
0.1360000000000001 6.949813981500047
0.1370000000000001 0.7827377850220197
0.1380000000000001 1.0283160344507292
0.1390000000000001 -4.056177782811254
0.1400000000000001 2.5622869658405016
0.1410000000000001 -3.4672994190447817
0.1420000000000001 2.7367508239384275
0.1430000000000001 1.818484750411655
0.1440000000000001 8.695295658565678
0.1450000000000001 3.6007774567726956
0.1460000000000001 7.175716183859352
0.1470000000000001 1.2586035245893574
0.1480000000000001 -4.1558977849865
0.1490000000000001 2.884420598096935
0.1500000000000001 8.862606741859688
0.1510000000000001 -2.4594733787641463
0.1520000000000001 -1.5539647742659406
0.1530000000000001 -3.342097064620552
0.1540000000000001 4.072825685623913
0.1550000000000001 1.4266409760097651
0.1560000000000001 8.072872319296847
0.1570000000000001 4.932527265335667
0.1580000000000001 0.03126784459727974
0.1590000000000001 0.6394301472876556
0.16000000000000011 3.5689799935434268
0.16100000000000012 -0.9040611622393165
0.16200000000000012 7.764388779827133
0.16300000000000012 -5.6774976122326315
0.16400000000000012 7.348017865088242
0.16500000000000012 3.3363049903053357
0.16600000000000012 5.3358227688080735
0.16700000000000012 2.9438006076011867
0.16800000000000012 0.1466377812153981
0.16900000000000012 -3.5154150459098403
0.17000000000000012 1.512023084108181
0.17100000000000012 -0.7363630201070993
0.17200000000000013 -0.033213152926359346
0.17300000000000013 -1.348245938668733
0.17400000000000013 -2.3590209727770715
0.17500000000000013 -0.6484384805811543
0.17600000000000013 -1.169802154194889
0.17700000000000013 1.87237634525575
0.17800000000000013 2.011181580804446
0.17900000000000013 -4.528820241668265
0.18000000000000013 2.2594264488213747
0.18100000000000013 -4.342142317048413
0.18200000000000013 0.6127069693590587
0.18300000000000013 3.974735953881092
0.18400000000000014 6.262027036921997
0.18500000000000014 0.4990290032362888
0.18600000000000014 -0.8589578486842094
0.18700000000000014 -4.386388969877527
0.18800000000000014 -3.21112138302711
0.18900000000000014 -3.239183286229099
0.19000000000000014 -9.481627961769654
0.19100000000000014 -14.88192729845832
0.19200000000000014 4.200848404088705
0.19300000000000014 3.4622276614868466
0.19400000000000014 -1.0474215059448706
0.19500000000000015 5.294710749248554
0.19600000000000015 3.6813368417968575
0.19700000000000015 -3.363173986732607
0.19800000000000015 3.6685057629689015
0.19900000000000015 -0.9205907725528671
0.20000000000000015 -1.0238688586463534
0.20100000000000015 7.078908462247877
0.20200000000000015 -3.1040864891176123
0.20300000000000015 3.9446755051954394
0.20400000000000015 4.606796277522027
0.20500000000000015 4.8002304938705995
0.20600000000000016 2.230045518610005
0.20700000000000016 -0.22540882115173141
0.20800000000000016 -1.8541880005112077
0.20900000000000016 6.317439776954896
0.21000000000000016 2.548978698394624
0.21100000000000016 4.678412185677908
0.21200000000000016 -6.91251032518966
0.21300000000000016 4.409311584143758
0.21400000000000016 5.305011021543802
0.21500000000000016 -1.7399252970537873
0.21600000000000016 7.371522849136701
0.21700000000000016 2.4027908224263452
0.21800000000000017 3.945114896375895
0.21900000000000017 7.32581892593358
0.22000000000000017 -1.08592338044317
0.22100000000000017 -0.812725225761879
0.22200000000000017 -4.359302878600467
0.22300000000000017 -1.1853270856681113
0.22400000000000017 0.35110102058612014
0.22500000000000017 7.1825169536671565
0.22600000000000017 -3.6245899516753597
0.22700000000000017 -0.04220359675757904
0.22800000000000017 -0.20003978436140143
0.22900000000000018 8.82375452030456
0.23000000000000018 -4.84538786602871
0.23100000000000018 3.150620467299162
0.23200000000000018 0.15037102159998328
0.23300000000000018 -3.1237594595038045
0.23400000000000018 8.371124942394534
0.23500000000000018 0.9588872379682899
0.23600000000000018 -4.108718735580923
0.23700000000000018 1.5248361791500105
0.23800000000000018 0.14134504264600256
0.23900000000000018 -0.18587463851349167
0.24000000000000019 4.098334100031003
0.2410000000000002 3.5593681280152483
0.2420000000000002 1.0526221406087228
0.2430000000000002 7.400344812197292
0.2440000000000002 2.2948726696767174
0.2450000000000002 -2.9247025447364394
0.2460000000000002 8.199374480582742
0.2470000000000002 2.0753012033708433
0.2480000000000002 -3.500077595067484
0.2490000000000002 4.377281937678941
0.25000000000000017 -5.237987880208996
0.25100000000000017 -2.722050969241205
0.25200000000000017 -0.3918090261127304
0.25300000000000017 1.4897187347375598
0.25400000000000017 -2.761229311781294
0.25500000000000017 1.2831220978801632
0.25600000000000017 -1.284545373310796
0.2570000000000002 4.174650462840971
0.2580000000000002 0.3530405070295078
0.2590000000000002 0.8915808418652211
0.2600000000000002 2.5470040643852156
0.2610000000000002 -0.7863827116425575
0.2620000000000002 -4.821925212067528
0.2630000000000002 -8.13309176181042
0.2640000000000002 -2.593695323844566
0.2650000000000002 1.7247210986466457
0.2660000000000002 0.14994733393996898
0.2670000000000002 -2.6201079465080666
0.2680000000000002 2.7089127993437914
0.2690000000000002 -7.080549817582469
0.2700000000000002 2.901002132198186
0.2710000000000002 -5.472480460981986
0.2720000000000002 -4.525058308054399
0.2730000000000002 -1.0159404477691143
0.2740000000000002 0.8705941116175098
0.2750000000000002 2.7543401638667784
0.2760000000000002 8.288930237147499
0.2770000000000002 -1.169925185048968
0.2780000000000002 5.795674963995819
0.2790000000000002 -0.004459479772969191
0.2800000000000002 -3.819244948526292
0.2810000000000002 -6.973424032124128
0.2820000000000002 -2.563799431037631
0.2830000000000002 -6.569785470601692
0.2840000000000002 -10.97949867099515
0.2850000000000002 -9.104726631548175
0.2860000000000002 -2.7019988420114958
0.2870000000000002 -6.3040448176299595
0.2880000000000002 0.42471924208609296
0.2890000000000002 -7.952665367820624
0.2900000000000002 -5.41477207382833
0.2910000000000002 -0.6307736140551603
0.2920000000000002 1.6441475170397546
0.2930000000000002 -5.002003197231654
0.2940000000000002 0.7372402972130986
0.2950000000000002 -12.370211537400943
0.2960000000000002 2.075636529321249
0.2970000000000002 4.5089362362619285
0.2980000000000002 -2.481334955220012
0.2990000000000002 -5.653957327467103
0.3000000000000002 -2.9415662647896648
0.3010000000000002 2.1635019246908116
0.3020000000000002 0.32636017839135534
0.3030000000000002 -4.410365711543403
0.3040000000000002 4.454185665615571
0.3050000000000002 4.9985263968328875
0.3060000000000002 5.891250617218359
0.3070000000000002 2.9187007943552525
0.3080000000000002 -0.6953835248154716
0.3090000000000002 -1.3094919372383726
0.3100000000000002 -2.5521840469085006
0.3110000000000002 4.808859622273517
0.3120000000000002 -4.002529572487755
0.3130000000000002 -7.177701650359823
0.3140000000000002 8.476824481288375
0.3150000000000002 -0.8992008970853785
0.3160000000000002 -0.6939747559125533
0.3170000000000002 1.1895628308924022
0.3180000000000002 -8.05309505629386
0.31900000000000023 -6.012356552392945
0.32000000000000023 3.3394128046131204
0.32100000000000023 4.979294704266745
0.32200000000000023 3.056228280471585
0.32300000000000023 1.380428472477209
0.32400000000000023 2.8761705324656983
0.32500000000000023 -3.0052484944987787
0.32600000000000023 3.6813979078674337
0.32700000000000023 0.8233903910897415
0.32800000000000024 0.9293102830512902
0.32900000000000024 11.222491358558376
0.33000000000000024 -2.4636113112041036
0.33100000000000024 -0.9917427638949785
0.33200000000000024 -7.644560306664843
0.33300000000000024 -6.355911697777499
0.33400000000000024 -4.756200154978526
0.33500000000000024 -8.280006663967189
0.33600000000000024 -1.0622364653919214
0.33700000000000024 3.3925275499261733
0.33800000000000024 3.9214097713134097
0.33900000000000025 -4.631717476820838
0.34000000000000025 -2.9525824138153802
0.34100000000000025 -0.3975807038801342
0.34200000000000025 -1.3642113694386087
0.34300000000000025 -1.7659976238429511
0.34400000000000025 2.777878080305949
0.34500000000000025 -8.254291605013695
0.34600000000000025 -5.234903039689125
0.34700000000000025 6.385634073569066
0.34800000000000025 -2.371474602800336
0.34900000000000025 -2.6220553645775406
0.35000000000000026 7.30423127874661
0.35100000000000026 7.317246613689353
0.35200000000000026 3.5449172215476663
0.35300000000000026 1.6965784896544498
0.35400000000000026 -5.43755878850681
0.35500000000000026 -4.7881541999365655
0.35600000000000026 -1.0389049043838992
0.35700000000000026 -1.3096420901167984
0.35800000000000026 -1.7234996128113116
0.35900000000000026 -1.6088726519918781
0.36000000000000026 3.9172657688781123
0.36100000000000027 -2.2311751423489574
0.36200000000000027 -0.5782466540397192
0.36300000000000027 -3.289795061944925
0.36400000000000027 -5.709754820869791
0.36500000000000027 -5.403172880770795
0.36600000000000027 -1.352279400533705
0.36700000000000027 -3.8509488998811023
0.36800000000000027 9.613131666108202
0.36900000000000027 6.37268212562109
0.3700000000000003 -2.9188793659328014
0.3710000000000003 6.0094784381261155
0.3720000000000003 -4.2058711493328325
0.3730000000000003 1.717453879988226
0.3740000000000003 2.4732509741560755
0.3750000000000003 -5.342922166278142
0.3760000000000003 9.60366437356997
0.3770000000000003 -5.886370235494176
0.3780000000000003 -1.4047683880741542
0.3790000000000003 2.4456673902333956
0.3800000000000003 -0.5162494883434223
0.3810000000000003 -1.0773686468003019
0.3820000000000003 -4.640572964307144
0.3830000000000003 -0.9915132196172273
0.3840000000000003 -1.6010772988141453
0.3850000000000003 -3.7698867837131385
0.3860000000000003 -0.38694534254941493
0.3870000000000003 -3.1640316763696834
0.3880000000000003 -2.5761460293874934
0.3890000000000003 -0.07580831938117924
0.3900000000000003 1.3341989729558414
0.3910000000000003 0.6262891302357981
0.3920000000000003 -5.690585567050314
0.3930000000000003 -6.823509872211958
0.3940000000000003 -3.3291920652929363
0.3950000000000003 -9.259374207682637
0.3960000000000003 -2.5666106400070974
0.3970000000000003 -5.075169569716256
0.3980000000000003 7.086234114904267
0.3990000000000003 1.7795238690729498
0.4000000000000003 -4.923436772998726
0.4010000000000003 -2.443604107826286
0.4020000000000003 0.29319054962502855
0.4030000000000003 -5.405841283702232
0.4040000000000003 -7.493992491694987
0.4050000000000003 -0.4560281904580285
0.4060000000000003 -7.336150546072073
0.4070000000000003 -3.763151042768363
0.4080000000000003 -6.781167977820508
0.4090000000000003 -4.270943257417181
0.4100000000000003 -7.337387396395333
0.4110000000000003 -1.328508387523381
0.4120000000000003 -1.5055927263219109
0.4130000000000003 -13.763303236942788
0.4140000000000003 7.973494360408168
0.4150000000000003 -2.7118410097957937
0.4160000000000003 -2.5710251994757436
0.4170000000000003 1.5645902268792704
0.4180000000000003 -1.941472253427785
0.4190000000000003 3.2920066634837357
0.4200000000000003 -6.09772849690273
0.4210000000000003 -0.3069251097415764
0.4220000000000003 -1.5978884614150337
0.4230000000000003 -1.8954291299199308
0.4240000000000003 3.851053295514522
0.4250000000000003 -7.115947462119931
0.4260000000000003 -9.311880387182928
0.4270000000000003 -0.8662984255416897
0.4280000000000003 -10.13613833715329
0.4290000000000003 -2.8804726764394073
0.4300000000000003 -5.9270347778946855
0.4310000000000003 -6.751317565847642
0.43200000000000033 2.989884271553405
0.43300000000000033 -5.744748828077597
0.43400000000000033 -7.237148994959337
0.43500000000000033 -3.461324553541338
0.43600000000000033 -3.136181345168806
0.43700000000000033 -1.8624515358325586
0.43800000000000033 1.8969302714828016
0.43900000000000033 -5.0656636378051445
0.44000000000000034 -4.0255271424312875
0.44100000000000034 -0.8064798744200564
0.44200000000000034 -10.029723578240274
0.44300000000000034 -1.4080035879213195
0.44400000000000034 1.1413117667403478
0.44500000000000034 -5.910207536969217
0.44600000000000034 -10.839381506651796
0.44700000000000034 2.4646869389690345
0.44800000000000034 -2.379091288254733
0.44900000000000034 -5.098347096080635
0.45000000000000034 -4.207198173925179
0.45100000000000035 3.783791434209418
0.45200000000000035 4.162008234416437
0.45300000000000035 0.2723392759240122
0.45400000000000035 1.0538391731977739
0.45500000000000035 -4.925941789284957
0.45600000000000035 1.665211047716123
0.45700000000000035 0.9588300697844587
0.45800000000000035 -1.3704955519801687
0.45900000000000035 6.095284580575562
0.46000000000000035 3.9179649771410623
0.46100000000000035 1.47289423943503
0.46200000000000035 -0.7372886396347893
0.46300000000000036 6.01494246202024
0.46400000000000036 5.322494746086894
0.46500000000000036 -3.9801079830492014
0.46600000000000036 -3.1997676370555275
0.46700000000000036 -5.638192790423671
0.46800000000000036 2.040739034022065
0.46900000000000036 -2.9271177835772257
0.47000000000000036 1.0362342732869931
0.47100000000000036 10.350253079663803
0.47200000000000036 0.4363996385065195
0.47300000000000036 -1.1528271688021414
0.47400000000000037 0.31642253055196123
0.47500000000000037 -1.0901687850376618
0.47600000000000037 0.4787086055752129
0.47700000000000037 -6.597301119189454
0.47800000000000037 0.8244466070634967
0.47900000000000037 3.333296392901488
0.48000000000000037 3.1163282298788717
0.48100000000000037 3.3626272475509937
0.4820000000000004 -3.958965927506364
0.4830000000000004 4.6174746818264865
0.4840000000000004 2.024265194923517
0.4850000000000004 -4.096302551023023
0.4860000000000004 2.36237181056522
0.4870000000000004 -1.8240854957387829
0.4880000000000004 1.8999099517369773
0.4890000000000004 2.8846468215434773
0.4900000000000004 -1.7372332017394014
0.4910000000000004 -0.8588456517930602
0.4920000000000004 -0.06643902054642101
0.4930000000000004 -2.5342382617372765
0.4940000000000004 8.036723739328917
0.4950000000000004 -4.7154319595321335
0.4960000000000004 -3.512500917208876
0.4970000000000004 0.20791824842923193
0.4980000000000004 -7.565347244216846
0.4990000000000004 -4.7604505958505925
0.5000000000000003 -2.6481414404111008
0.5010000000000003 -5.902150996663897
0.5020000000000003 1.568527440687361
0.5030000000000003 -3.3105797725977113
0.5040000000000003 -3.3948833597025234
0.5050000000000003 -1.7406201988396686
0.5060000000000003 -0.058831246015899424
0.5070000000000003 5.105795153751991
0.5080000000000003 -3.5328373164191467
0.5090000000000003 0.8494029837650985
0.5100000000000003 -0.01594593879209541
0.5110000000000003 0.08955215028321735
0.5120000000000003 0.8524109731791462
0.5130000000000003 -2.771678368484998
0.5140000000000003 -1.3150876288998308
0.5150000000000003 0.7548396295057018
0.5160000000000003 2.8291421617012293
0.5170000000000003 -2.2471577655539385
0.5180000000000003 0.7147334963788311
0.5190000000000003 -1.8738129845063685
0.5200000000000004 -2.230078964977822
0.5210000000000004 4.672393690814116
0.5220000000000004 -0.10602813085031242
0.5230000000000004 -4.048673129061556
0.5240000000000004 5.601148868947398
0.5250000000000004 7.8443124225700815
0.5260000000000004 -4.5246243772700145
0.5270000000000004 -0.9412934772662995
0.5280000000000004 7.537484685288498
0.5290000000000004 -1.6607762310753829
0.5300000000000004 5.600388770006393
0.5310000000000004 -5.1141988368504245
0.5320000000000004 1.5111600045187814
0.5330000000000004 0.5370511509723228
0.5340000000000004 -2.6631044012467573
0.5350000000000004 6.877301805786627
0.5360000000000004 -0.167827459859281
0.5370000000000004 -1.5610202312137698
0.5380000000000004 -11.075671550598793
0.5390000000000004 -8.475425962469426
0.5400000000000004 -0.017729401256522975
0.5410000000000004 -6.0368823736843265
0.5420000000000004 -3.307753856331824
0.5430000000000004 -1.048187463343168
0.5440000000000004 0.2651946176060571
0.5450000000000004 5.495276298988731
0.5460000000000004 -2.458669383415642
0.5470000000000004 0.8134437116970686
0.5480000000000004 3.8454537671761213
0.5490000000000004 -2.980481478912048
0.5500000000000004 -9.444704380349217
0.5510000000000004 3.1837640877596596
0.5520000000000004 7.66563917514393
0.5530000000000004 -5.981345120228872
0.5540000000000004 8.061803818935276
0.5550000000000004 -3.46387741306628
0.5560000000000004 1.3201741547863302
0.5570000000000004 3.647341158068831
0.5580000000000004 -5.052006304052522
0.5590000000000004 -5.910404353247587
0.5600000000000004 -0.09250416912097112
0.5610000000000004 4.701556213387504
0.5620000000000004 -7.599385668731522
0.5630000000000004 2.452765226195587
0.5640000000000004 9.912243033518358
0.5650000000000004 -5.903885207833432
0.5660000000000004 -1.623731510448139
0.5670000000000004 -0.33914045438794893
0.5680000000000004 -1.8250331001457663
0.5690000000000004 1.682685534570277
0.5700000000000004 -3.9067688041907624
0.5710000000000004 1.072154989115842
0.5720000000000004 -2.6050092663754203
0.5730000000000004 -5.425718842764367
0.5740000000000004 0.5150710152528623
0.5750000000000004 0.9379440249774149
0.5760000000000004 1.4469079556628213
0.5770000000000004 -6.2767730612295995
0.5780000000000004 -3.359849592386659
0.5790000000000004 -3.2075775501163823
0.5800000000000004 -5.08270379621307
0.5810000000000004 1.0878097705895442
0.5820000000000004 -3.8044372315602306
0.5830000000000004 0.6192898956790847
0.5840000000000004 -0.2708856592078619
0.5850000000000004 -1.6366814295819683
0.5860000000000004 -5.591788079314876
0.5870000000000004 -0.4840702283106045
0.5880000000000004 -9.123459085363098
0.5890000000000004 1.6394965870082936
0.5900000000000004 -1.1273830314621636
0.5910000000000004 -2.093991496294011
0.5920000000000004 -6.862202120195725
0.5930000000000004 0.5105218289518549
0.5940000000000004 -2.824886460337226
0.5950000000000004 -4.32907719232254
0.5960000000000004 -2.5481641989641153
0.5970000000000004 9.705959295676633
0.5980000000000004 -4.782660892557636
0.5990000000000004 -1.7516117996522997
0.6000000000000004 -0.9705502324689534
0.6010000000000004 -5.620892881387089
0.6020000000000004 3.6228245703843776
0.6030000000000004 0.934824208684944
0.6040000000000004 -11.763420883616929
0.6050000000000004 -1.9581102961693087
0.6060000000000004 -6.395007975357746
0.6070000000000004 -4.272264099283592
0.6080000000000004 -7.8856062237364535
0.6090000000000004 -7.70569151590483
0.6100000000000004 -8.203544437633049
0.6110000000000004 -6.113996330271719
0.6120000000000004 -5.673464732520142
0.6130000000000004 -11.02775437839637
0.6140000000000004 -3.25349850450051
0.6150000000000004 -7.178364991242772
0.6160000000000004 -1.9363042395161558
0.6170000000000004 9.408697477473334
0.6180000000000004 1.4219051250333812
0.6190000000000004 -0.48815122719952825
0.6200000000000004 -1.5814251657565142
0.6210000000000004 3.4978343590597003
0.6220000000000004 -5.282000376260571
0.6230000000000004 5.406622966143108
0.6240000000000004 -6.007665456971258
0.6250000000000004 7.662252361660355
0.6260000000000004 -1.5217148250045565
0.6270000000000004 -8.243151591931012
0.6280000000000004 9.870643615074934
0.6290000000000004 -3.269573502106377
0.6300000000000004 -4.414880673727237
0.6310000000000004 -7.859376517155881
0.6320000000000005 -3.6073153558808886
0.6330000000000005 1.7718725148714576
0.6340000000000005 -14.229804667338755
0.6350000000000005 -7.206177735515976
0.6360000000000005 5.6214620021631365
0.6370000000000005 -5.623199702445189
0.6380000000000005 -1.1741644936817288
0.6390000000000005 -8.386915648319691
0.6400000000000005 -8.24220395015037
0.6410000000000005 -8.058077425953265
0.6420000000000005 -9.297227499172081
0.6430000000000005 -2.4197516581870135
0.6440000000000005 -4.199593195133039
0.6450000000000005 -2.9513289998372385
0.6460000000000005 -4.306590271177997
0.6470000000000005 -9.634276466496962
0.6480000000000005 1.172939675637449
0.6490000000000005 -3.885642969611301
0.6500000000000005 2.9947362060141502
0.6510000000000005 -6.385608887993455
0.6520000000000005 -1.1598714090452473
0.6530000000000005 -11.058096951500513
0.6540000000000005 -7.055645447306415
0.6550000000000005 -4.906633523810085
0.6560000000000005 -2.8815295272104096
0.6570000000000005 -0.7690915194557973
0.6580000000000005 -0.2617239658491717
0.6590000000000005 -8.189925126920564
0.6600000000000005 -1.744092586777818
0.6610000000000005 -6.068177158785367
0.6620000000000005 -5.724859100430557
0.6630000000000005 -13.792949623884805
0.6640000000000005 7.645588072716321
0.6650000000000005 -0.8739387273444452
0.6660000000000005 -0.9162038381374183
0.6670000000000005 -0.3976356317897249
0.6680000000000005 -1.035817009837035
0.6690000000000005 -11.787939433702306
0.6700000000000005 -2.462607444926363
0.6710000000000005 -1.7227177469261326
0.6720000000000005 0.6616304019238181
0.6730000000000005 1.6335177492450033
0.6740000000000005 1.821111550539859
0.6750000000000005 -2.9159503750672036
0.6760000000000005 -0.7954176116930197
0.6770000000000005 -4.245465910724447
0.6780000000000005 5.243689100885266
0.6790000000000005 -2.717341648459105
0.6800000000000005 -8.434995556012721
0.6810000000000005 0.07019917539436205
0.6820000000000005 4.085472493479754
0.6830000000000005 -12.382321416490853
0.6840000000000005 1.4342277602374778
0.6850000000000005 -10.473894709942307
0.6860000000000005 -1.6351166103061674
0.6870000000000005 -2.2830231897678686
0.6880000000000005 -0.9794316052874183
0.6890000000000005 -2.102575281955928
0.6900000000000005 4.704914935581476
0.6910000000000005 0.86407618154864
0.6920000000000005 4.410205738730046
0.6930000000000005 -1.2189518194557538
0.6940000000000005 1.4975545312614134
0.6950000000000005 2.895164451049795
0.6960000000000005 1.7357567132287286
0.6970000000000005 11.976054106421326
0.6980000000000005 5.182546198219034
0.6990000000000005 -4.956622160049316
0.7000000000000005 7.383493314325806
0.7010000000000005 -6.897409321044393
0.7020000000000005 -3.4043451003968266
0.7030000000000005 1.5126224184762949
0.7040000000000005 -4.5531568785440255
0.7050000000000005 1.0687061407527139
0.7060000000000005 -4.747143384226974
0.7070000000000005 -1.7920034366056283
0.7080000000000005 1.3376712943965057
0.7090000000000005 -2.830335196230519
0.7100000000000005 0.7219170210355836
0.7110000000000005 0.6046593426595158
0.7120000000000005 2.5461253995826363
0.7130000000000005 5.9244913875039185
0.7140000000000005 1.560004814123875
0.7150000000000005 -5.066330199509808
0.7160000000000005 -5.583301388013371
0.7170000000000005 -1.4178631072044297
0.7180000000000005 2.4578233237962768
0.7190000000000005 3.120602143410626
0.7200000000000005 3.8751981040846255
0.7210000000000005 -0.3240244023585411
0.7220000000000005 -1.5375432098289494
0.7230000000000005 0.3753291342557418
0.7240000000000005 -0.17119586019258415
0.7250000000000005 1.5617972372797673
0.7260000000000005 -0.22509915509829603
0.7270000000000005 -0.929802543418923
0.7280000000000005 5.223478537465629
0.7290000000000005 5.321474091730772
0.7300000000000005 -1.8448020644011611
0.7310000000000005 4.348299368900171
0.7320000000000005 4.593622296745816
0.7330000000000005 -5.142523594358013
0.7340000000000005 -2.9488972422315265
0.7350000000000005 -6.765625863896925
0.7360000000000005 0.036623778339446716
0.7370000000000005 -7.974426779014045
0.7380000000000005 -2.8159921775753287
0.7390000000000005 -2.1112026339765144
0.7400000000000005 -0.20911698244287844
0.7410000000000005 0.8630933052309092
0.7420000000000005 -14.467371862139636
0.7430000000000005 -3.321288242551431
0.7440000000000005 -4.700183825797657
0.7450000000000006 -3.591597412517064
0.7460000000000006 5.296621915121261
0.7470000000000006 -8.422108493917092
0.7480000000000006 -3.887033977451071
0.7490000000000006 -2.641639228381092
0.7500000000000006 -2.004740010995216
0.7510000000000006 -3.2397048860623627
0.7520000000000006 -6.703625488972528
0.7530000000000006 0.03729485599974122
0.7540000000000006 -6.626791650490593
0.7550000000000006 -1.3283215785625284
0.7560000000000006 -4.457723974615807
0.7570000000000006 -6.801507526696316
0.7580000000000006 -0.5658467864243243
0.7590000000000006 -0.36957320131229576
0.7600000000000006 0.8138658028843925
0.7610000000000006 -1.2486611198468136
0.7620000000000006 -1.145972898792066
0.7630000000000006 -4.284998538044543
0.7640000000000006 5.24883484690421
0.7650000000000006 -0.27838320599828065
0.7660000000000006 -3.2784481956424965
0.7670000000000006 4.21760844207921
0.7680000000000006 3.8222343113804063
0.7690000000000006 -2.780013677285045
0.7700000000000006 -1.5549442130303697
0.7710000000000006 -2.5674022132451544
0.7720000000000006 3.262367594960394
0.7730000000000006 0.3452217622722883
0.7740000000000006 -0.07023878159312144
0.7750000000000006 -10.796717234429604
0.7760000000000006 -3.013231331341304
0.7770000000000006 -3.677907609643705
0.7780000000000006 2.2256508218838102
0.7790000000000006 -4.939311525246542
0.7800000000000006 -2.3821635397088126
0.7810000000000006 -1.5169180449587953
0.7820000000000006 4.806042601657981
0.7830000000000006 -0.13531490500325377
0.7840000000000006 -4.437968707145566
0.7850000000000006 5.840562983315955
0.7860000000000006 4.676455409050553
0.7870000000000006 -2.837054018150993
0.7880000000000006 8.966647620637815
0.7890000000000006 -2.1899525128807302
0.7900000000000006 1.8603196430783588
0.7910000000000006 -4.522532424939103
0.7920000000000006 6.22942826550605
0.7930000000000006 -0.25392891616485025
0.7940000000000006 0.4479732556311195
0.7950000000000006 4.2577198320555825
0.7960000000000006 -4.0838570424647305
0.7970000000000006 -9.118277841013645
0.7980000000000006 2.562909629887181
0.7990000000000006 -8.232130008588676
0.8000000000000006 9.540000255595691
0.8010000000000006 -3.6629091320470217
0.8020000000000006 -8.189801131358102
0.8030000000000006 4.696468021968431
0.8040000000000006 -0.6578166113415262
0.8050000000000006 -4.075593425278529
0.8060000000000006 -4.545838119484761
0.8070000000000006 -10.176136339545339
0.8080000000000006 3.033114348764097
0.8090000000000006 -6.33146348308179
0.8100000000000006 -0.3744997921142688
0.8110000000000006 -5.871485588164931
0.8120000000000006 1.519742898619754
0.8130000000000006 -3.8980403361264697
0.8140000000000006 1.9440048923597861
0.8150000000000006 -5.120687466840164
0.8160000000000006 1.3067201617887987
0.8170000000000006 -2.9471789082854287
0.8180000000000006 0.8712156042031183
0.8190000000000006 -6.796556064597381
0.8200000000000006 2.1468346861317653
0.8210000000000006 -1.5144844193370683
0.8220000000000006 4.074964318521405
0.8230000000000006 -7.330918618139976
0.8240000000000006 -4.660250581433693
0.8250000000000006 -8.064538502407562
0.8260000000000006 -0.17633900100862476
0.8270000000000006 -4.868873158985856
0.8280000000000006 7.280548878533596
0.8290000000000006 -8.146017970256697
0.8300000000000006 5.695838010624434
0.8310000000000006 5.0076873622383
0.8320000000000006 7.527074370752515
0.8330000000000006 0.05637154937608885
0.8340000000000006 3.056509477926238
0.8350000000000006 -1.096800909402197
0.8360000000000006 6.69747178338967
0.8370000000000006 -0.29901411630694963
0.8380000000000006 -0.02262810398556908
0.8390000000000006 -1.5528758754106673
0.8400000000000006 1.088633709238198
0.8410000000000006 3.7792044964421994
0.8420000000000006 0.9335030221039674
0.8430000000000006 -6.3803082184780076
0.8440000000000006 3.818337532727286
0.8450000000000006 -2.209558318113351
0.8460000000000006 8.112505312694955
0.8470000000000006 -12.093290120286348
0.8480000000000006 -5.5639876781723485
0.8490000000000006 -1.311351220974944
0.8500000000000006 -0.37710758314113124
0.8510000000000006 -8.16203551771792
0.8520000000000006 -0.8876642316658472
0.8530000000000006 -5.743012056621889
0.8540000000000006 4.940215542547928
0.8550000000000006 -5.300011423441885
0.8560000000000006 -10.29162481870783
0.8570000000000007 0.8974397820316748
0.8580000000000007 -1.0594420492832157
0.8590000000000007 0.24118787949320608
0.8600000000000007 -1.869964915431188
0.8610000000000007 1.40290888476662
0.8620000000000007 7.973935374676132
0.8630000000000007 -1.9527863831962318
0.8640000000000007 -1.1145527358357556
0.8650000000000007 -2.722968474672908
0.8660000000000007 -3.4319880479843743
0.8670000000000007 -0.4713573399709349
0.8680000000000007 3.1572524447804273
0.8690000000000007 -6.5601364242584905
0.8700000000000007 -7.309637515844181
0.8710000000000007 -5.437894232964216
0.8720000000000007 -8.111002706114737
0.8730000000000007 -2.5145860064252727
0.8740000000000007 -1.5320182501208095
0.8750000000000007 -0.844556002188239
0.8760000000000007 6.184812456480961
0.8770000000000007 2.066555446521761
0.8780000000000007 -0.3063778985850619
0.8790000000000007 -2.7470624936461165
0.8800000000000007 -0.13108947450496658
0.8810000000000007 -0.8884226590065356
0.8820000000000007 -4.706256137957732
0.8830000000000007 -8.10575579414995
0.8840000000000007 -7.85878064978981
0.8850000000000007 -2.410867659516999
0.8860000000000007 -7.575398826120955
0.8870000000000007 -6.996732943328774
0.8880000000000007 -9.819035773279888
0.8890000000000007 -4.306543699754399
0.8900000000000007 -5.3579003069398174
0.8910000000000007 -3.113662814719337
0.8920000000000007 0.552568778163249
0.8930000000000007 2.8413907205317073
0.8940000000000007 -1.5268892594357655
0.8950000000000007 5.139442081426928
0.8960000000000007 -0.7743687505421819
0.8970000000000007 -2.9970319713724085
0.8980000000000007 -2.374443868307324
0.8990000000000007 -1.669635257837745
0.9000000000000007 -3.337870600236624
0.9010000000000007 -0.8160074200423002
0.9020000000000007 -8.300296702797118
0.9030000000000007 0.3697428719903037
0.9040000000000007 -2.1835250037350873
0.9050000000000007 -9.804365066909616
0.9060000000000007 -7.0994072191204705
0.9070000000000007 -2.8827118629197197
0.9080000000000007 -2.156871552634077
0.9090000000000007 -5.682947509724828
0.9100000000000007 -6.690388542575304
0.9110000000000007 0.8123173324765283
0.9120000000000007 -7.0003870074702474
0.9130000000000007 0.30308745709018386
0.9140000000000007 -1.3686018598127054
0.9150000000000007 -6.5325747955805555
0.9160000000000007 -1.8027524245609434
0.9170000000000007 -5.8610474678561655
0.9180000000000007 -8.63647216190253
0.9190000000000007 -5.501616453998543
0.9200000000000007 -9.2094346835145
0.9210000000000007 -3.228811898396026
0.9220000000000007 2.1523184398003337
0.9230000000000007 -3.4556248193416295
0.9240000000000007 -0.7498697623720897
0.9250000000000007 2.7748016882222712
0.9260000000000007 10.63407265417159
0.9270000000000007 1.2375557034503173
0.9280000000000007 -2.045657886432354
0.9290000000000007 -10.225017095850504
0.9300000000000007 2.79234771876921
0.9310000000000007 0.474031166229232
0.9320000000000007 -0.5165128609700338
0.9330000000000007 -3.390453486990446
0.9340000000000007 -1.3908510285495876
0.9350000000000007 -3.04725132168574
0.9360000000000007 -3.814012622888488
0.9370000000000007 -2.6226078979916716
0.9380000000000007 -0.35703328740679396
0.9390000000000007 -2.229508439581612
0.9400000000000007 6.133746097269312
0.9410000000000007 -1.8266400350878906
0.9420000000000007 7.112021918185892
0.9430000000000007 -0.3927610404899384
0.9440000000000007 -0.848226198978487
0.9450000000000007 -3.441874513701563
0.9460000000000007 -4.155617771633805
0.9470000000000007 -0.2571179959785863
0.9480000000000007 -2.666031114567367
0.9490000000000007 2.1832486581140653
0.9500000000000007 2.627579598538019
0.9510000000000007 -13.959899536174184
0.9520000000000007 1.416882787154637
0.9530000000000007 -11.776191986658462
0.9540000000000007 9.021069361041514
0.9550000000000007 -8.867287007233436
0.9560000000000007 -9.936509558546348
0.9570000000000007 -1.6911704715845055
0.9580000000000007 -0.6364950290140002
0.9590000000000007 0.13946224798537504
0.9600000000000007 -7.237311570408899
0.9610000000000007 -11.435481357232582
0.9620000000000007 -3.9146692188484744
0.9630000000000007 -8.90736942646715
0.9640000000000007 -0.066408989637504
0.9650000000000007 -4.689444602397394
0.9660000000000007 -1.9351442213150998
0.9670000000000007 -10.173085391619496
0.9680000000000007 -0.30701020957778224
0.9690000000000007 -3.821395068420258
0.9700000000000008 -6.962333485630528
0.9710000000000008 -4.443463687995692
0.9720000000000008 1.0965944768723992
0.9730000000000008 1.156851799414055
0.9740000000000008 -3.2005995311175055
0.9750000000000008 2.7005189494979103
0.9760000000000008 -2.2668952469141326
0.9770000000000008 -12.429783176874887
0.9780000000000008 -0.2140630040597346
0.9790000000000008 -8.354146397037923
0.9800000000000008 -2.087048842794932
0.9810000000000008 -6.774339344356586
0.9820000000000008 -8.850798017116931
0.9830000000000008 -8.111184335633938
0.9840000000000008 -3.484294748340129
0.9850000000000008 -3.6491019029389657
0.9860000000000008 -5.631574625787423
0.9870000000000008 -3.3738563363409466
0.9880000000000008 8.87350168639269
0.9890000000000008 -6.889576907152022
0.9900000000000008 -0.015678490612228445
0.9910000000000008 -5.473382963582964
0.9920000000000008 -8.35482145198378
0.9930000000000008 -6.718789388218195
0.9940000000000008 -7.814933140681907
0.9950000000000008 1.572195920146623
0.9960000000000008 2.9026378787968907
0.9970000000000008 -2.152860223559175
0.9980000000000008 -4.869180942635417
0.9990000000000008 -0.7366530596084604
